*Step  = 0
*Time  = 0
*Data  = Fxx;Fxy;Fxz;Fyx;Fyy;Fyz;Fzx;Fzy;Fzz
1954 1 0 0 0 1 0 0 0 1
1995 1 0 0 0 1 0 0 0 1
872 1 0 0 0 1 0 0 0 1
453 1 0 0 0 1 0 0 0 1
*Step  = 1
*Time  = 0.1
*Data  = Fxx;Fxy;Fxz;Fyx;Fyy;Fyz;Fzx;Fzy;Fzz
1954 1.02999919192 2.30918278235e-07 -9.8688559852e-08 -5.07980757903e-05 1.0300032173 -3.26888829512e-06 4.45234916158e-08 3.53182689702e-06 0.952380946544
1995 1.02999967345 2.50610290776e-07 4.41477885221e-08 -5.08440434208e-05 1.03000003838 3.21852351241e-06 1.65714446332e-08 -3.47714472546e-06 0.952383031181
872 1.03000003879 -5.08772504153e-05 -1.60516365843e-06 2.17358677279e-07 1.02999971514 -5.48238345e-09 1.73905495401e-06 -1.17226951861e-08 0.952382973181
453 1.02999692439 -5.08232548248e-05 1.63065208342e-06 1.95567993098e-07 1.03000012807 -2.10952218194e-08 -1.76701440456e-06 4.23595623005e-08 0.952385059866
*Step  = 2
*Time  = 0.2
*Data  = Fxx;Fxy;Fxz;Fyx;Fyy;Fyz;Fzx;Fzy;Fzz
1954 1.05999869175 5.25605033733e-07 -2.71692565099e-07 -0.000222614581322 1.06001407403 -1.37330577662e-05 2.56465173702e-07 1.6027383553e-05 0.90758930078
1995 1.05999983018 6.12826210326e-07 4.59184700402e-08 -0.000222774466676 1.05999990478 1.3519383034e-05 1.45886487057e-08 -1.57780932214e-05 0.907598762075
872 1.05999990454 -0.000222914208112 -6.74460498957e-06 4.74906486636e-07 1.0599998743 -6.61417026704e-09 7.89060820999e-06 -9.98052831006e-09 0.907598711119
453 1.05998600903 -0.000222646938525 6.84983264375e-06 3.75957685837e-07 1.06000072517 -1.03975966684e-07 -8.01526814459e-06 1.46049600249e-07 0.907608178139
*Step  = 3
*Time  = 0.3
*Data  = Fxx;Fxy;Fxz;Fyx;Fyy;Fyz;Fzx;Fzy;Fzz
1954 1.08999583322 1.52841781509e-07 1.18379738526e-07 -0.000581908620918 1.09003757569 -3.42275725602e-05 -2.45546329949e-06 4.29873367675e-05 0.865456245047
1995 1.08999636623 3.80166874848e-07 -6.72589123937e-07 -0.000582137770955 1.08999990605 3.36932429539e-05 3.16564936332e-06 -4.23184118362e-05 0.865481625292
872 1.08999990241 -0.000582483485891 -1.68121680618e-05 4.09051065797e-08 1.08999577993 2.53828870839e-08 2.11620425389e-05 -1.4849830245e-06 0.865481835706
453 1.08996292962 -0.000581622837838 1.7070319349e-05 -2.29580130441e-07 1.08999559125 -2.9829553333e-07 -2.14924199987e-05 1.84250845726e-06 0.865507223879
*Step  = 4
*Time  = 0.4
*Data  = Fxx;Fxy;Fxz;Fyx;Fyy;Fyz;Fzx;Fzy;Fzz
1954 1.12000388936 -2.58137009382e-06 -5.65745337966e-07 -0.00132111605615 1.12008351068 -7.38679754542e-05 -1.82499625878e-06 9.98994422053e-05 0.82580495844
1995 1.11999922247 -2.0855214795e-06 -6.08740326646e-07 -0.00132063768241 1.11999636394 7.27112166248e-05 3.42820744077e-06 -9.83455692163e-05 0.825863949304
872 1.11999634765 -0.00132137068633 -3.62845663126e-05 -2.80636167155e-06 1.11999870277 9.94844569224e-09 4.91769871722e-05 -1.59887630092e-06 0.825864115966
453 1.11991078674 -0.00131848830037 3.68269301887e-05 -3.4673607261e-06 1.11999242905 -5.91831920069e-07 -4.99340352134e-05 2.41226199042e-06 0.825923107971
*Step  = 5
*Time  = 0.5
*Data  = Fxx;Fxy;Fxz;Fyx;Fyy;Fyz;Fzx;Fzy;Fzz
1954 1.15003814965 -1.2211640159e-05 -1.73637223479e-06 -0.00299570903365 1.15017693708 -0.000158631720206 -2.44837148806e-06 0.000230704351464 0.788460062724
1995 1.15001467234 -1.12656657982e-05 -7.10340481686e-07 -0.00298852024717 1.14997492492 0.000156091163535 5.95706191373e-06 -0.000227076747511 0.788596300739
872 1.14997482581 -0.00299004413895 -7.78729469474e-05 -1.27748137264e-05 1.15001408587 -1.21587752228e-08 0.000113544170908 -2.7298712587e-06 0.788596503252
453 1.14977674739 -0.0029776369958 7.89453906475e-05 -1.45103975733e-05 1.14998680066 -1.21295773615e-06 -0.000115222236198 4.55167562555e-06 0.788732667283
*Step  = 6
*Time  = 0.6
*Data  = Fxx;Fxy;Fxz;Fyx;Fyy;Fyz;Fzx;Fzy;Fzz
1954 1.18019611883 -4.25821113408e-05 -2.85769429952e-06 -0.00720987309615 1.18032403387 -0.000360354997139 -1.7619327775e-05 0.000563386766282 0.753223773964
1995 1.18011174565 -4.17910702138e-05 -2.33756946458e-06 -0.0071499016277 1.17982280389 0.000354080411208 2.50413609161e-05 -0.000554084413669 0.753556377035
872 1.17982207934 -0.0071530292505 -0.000176369884815 -4.50395818959e-05 1.18010971099 8.46475296662e-08 0.000277055858669 -1.13847452674e-05 0.753557311326
453 1.17933380688 -0.00708204714117 0.000178142739614 -5.07822595533e-05 1.18001388915 -2.75642244338e-06 -0.000280591747603 1.55475627694e-05 0.753889216609
*Step  = 7
*Time  = 0.7
*Data  = Fxx;Fxy;Fxz;Fyx;Fyy;Fyz;Fzx;Fzy;Fzz
1954 1.21095078454 -0.000130696940965 3.61035924702e-06 -0.0178700035512 1.21009106413 -0.000843438882255 -0.0001304212575 0.00141977544259 0.719954921322
1995 1.2106803899 -0.000139697708393 -1.43554981722e-05 -0.01746398617 1.20879603666 0.00082430516772 0.000143106578008 -0.00139016420752 0.720791210112
872 1.20879046465 -0.0174679841034 -0.000407550456197 -0.000146614348469 1.21066653037 2.14393950045e-06 0.000695181672584 -6.55470937226e-05 0.720798248614
453 1.20755730606 -0.017049696455 0.000407231202616 -0.000170521728809 1.21034939429 -7.94071741284e-06 -0.000698586130006 7.44873678873e-05 0.721627731289
*Step  = 8
*Time  = 0.8
*Data  = Fxx;Fxy;Fxz;Fyx;Fyy;Fyz;Fzx;Fzy;Fzz
1954 1.24374854219 -0.000342463242697 4.10304755007e-05 -0.0398169497482 1.23755287993 -0.00179474309346 -0.000584526913108 0.00328942470102 0.688807275393
1995 1.24298343059 -0.000422648369432 -6.08189874294e-05 -0.0380078644027 1.2344968899 0.00173159325458 0.000595314324463 -0.00317257279079 0.690729742459
872 1.23446743503 -0.0379944230504 -0.000835229083788 -0.000435421862942 1.24292050113 1.40970333196e-05 0.00158673466379 -0.000274830256847 0.690763022351
453 1.2317221865 -0.0362553195062 0.00081772746456 -0.000528201318868 1.24195687796 -2.45350323272e-05 -0.00156082123618 0.000288295064457 0.692636169039
*Step  = 9
*Time  = 0.9
*Data  = Fxx;Fxy;Fxz;Fyx;Fyy;Fyz;Fzx;Fzy;Fzz
1954 1.28022125355 -0.000909906520241 0.000140025566121 -0.0727950148103 1.25962922948 -0.00321808606899 -0.00170386477312 0.00650103449473 0.660341604635
1995 1.27813995757 -0.00117138947811 -0.000170785087033 -0.0677099425337 1.25389085878 0.00301564813675 0.00165489681191 -0.00601517612508 0.664064909549
872 1.25378422708 -0.0676074815757 -0.00139678346575 -0.00118942267888 1.27795516121 4.92105841303e-05 0.00300791816044 -0.000771600338299 0.664165528741
453 1.249101084 -0.0630175944409 0.00132853362854 -0.00138583814017 1.27537990041 -6.24574645044e-05 -0.00283961043313 0.000764791431725 0.667645871104
*Step  = 10
*Time  = 0.995742711
*Data  = Fxx;Fxy;Fxz;Fyx;Fyy;Fyz;Fzx;Fzy;Fzz
1954 1.31661961809 -0.00173098053765 0.000305529085052 -0.111644734369 1.27746208576 -0.00503803663243 -0.00376837124947 0.01130473497 0.635480549072
1995 1.31249173682 -0.00239690076345 -0.000340028283427 -0.100789476913 1.26779334896 0.00454442979692 0.0034233932996 -0.00977108060133 0.64174110866
872 1.26752933157 -0.10048723054 -0.00201957412271 -0.00241244318383 1.31211662254 0.000106536349858 0.00488643367955 -0.00160788900786 0.641947385337
453 1.26066105841 -0.0915288612827 0.00186057760798 -0.00269898580003 1.30700519359 -0.000116487992777 -0.00434982367544 0.00149147598721 0.647444126016
*Step  = 11
*Time  = 1
*Data  = Fxx;Fxy;Fxz;Fyx;Fyy;Fyz;Fzx;Fzy;Fzz
1954 1.31818072597 -0.00175325690538 0.000314040777055 -0.113581573025 1.27836882934 -0.00513819256613 -0.00389494254123 0.0115984632669 0.63438076396
1995 1.31397105361 -0.00245641548443 -0.000348631716165 -0.102354028095 1.26842140007 0.00462798121403 0.00352605323419 -0.00998757138874 0.640791611916
872 1.2681481724 -0.102040516133 -0.00205204685951 -0.00247146051004 1.31358604418 0.000109712846475 0.00499492936961 -0.0016565240515 0.641003256465
453 1.26113829675 -0.0928233007142 0.00188822201293 -0.00276636502749 1.30834821869 -0.00011914826098 -0.00443093416237 0.00153103685154 0.646612689445
