*Step  = 0
*Time  = 0
*Data  = sx;sy;sz;sxy;syz;sxz
1954 0 0 0 0 0 0
1995 0 0 0 0 0 0
872 0 0 0 0 0 0
453 0 0 0 0 0 0
*Step  = 1
*Time  = 0.1
*Data  = sx;sy;sz;sxy;syz;sxz
1954 52.5316209379 52.5344500674 -0.00087824554498 0.00175091071164 0.000179093027828 -1.63578912658e-05
1995 52.5306596207 52.5309151431 -0.000843740978498 0.00173980222347 -0.000176234006721 2.01088275707e-05
872 52.530854936 52.5306284345 -0.000942980462023 0.00171642311838 -5.86987161208e-06 8.96186989732e-05
453 52.5273599195 52.5296134177 -0.00091273872728 0.00172591044667 8.00087633371e-06 -9.11599705627e-05
*Step  = 2
*Time  = 0.2
*Data  = sx;sy;sz;sxy;syz;sxz
1954 101.486980098 101.497989731 -0.000931746848328 0.00744929260527 0.00153149179011 9.88445592713e-06
1995 101.482278879 101.482312528 -0.000810967361018 0.00740139752214 -0.00150757426777 1.80232532276e-05
872 101.482268024 101.48226621 -0.000887739292819 0.00730148388446 -4.95867434526e-06 0.000758977069686
453 101.466766788 101.47733836 -0.000784849804744 0.00734036874243 1.97911586787e-05 -0.000771315802436
*Step  = 3
*Time  = 0.3
*Data  = sx;sy;sz;sxy;syz;sxz
1954 147.47430657 147.504707137 0.000927663454478 0.0189685367534 0.00578886200345 -0.000854552843194
1995 147.460957866 147.4634137 0.00134135359271 0.0188402554103 -0.00569846720657 0.000953590646403
872 147.462547143 147.459665256 0.000559398551766 0.0185856238812 -0.000531250244863 0.00286027240017
453 147.421720393 147.44574467 0.00093029605928 0.0186758859381 0.000582735864471 -0.0029057725043
*Step  = 4
*Time  = 0.4
*Data  = sx;sy;sz;sxy;syz;sxz
1954 191.08094962 191.139715042 0.000853187190828 0.0417865301018 0.0169883693718 -0.000789021617963
1995 191.047261416 191.044450182 0.00170499725953 0.0414702770272 -0.0167220391433 0.00106540353257
872 191.043628078 191.046064148 0.000945506589551 0.0409135797712 -0.000570635282806 0.00838212232134
453 190.949477449 191.011101516 0.00171236978122 0.0410731043441 0.000713965143359 -0.00851349963525
*Step  = 5
*Time  = 0.5
*Data  = sx;sy;sz;sxy;syz;sxz
1954 232.987744278 233.090146463 0.00192949664206 0.0926843651659 0.0466276441396 -0.00113851323253
1995 232.902142856 232.868402142 0.00366424766169 0.0917590038145 -0.0458842868115 0.00184313426824
872 232.867234492 232.900606303 0.00264988455982 0.0905369745811 -0.000922583811436 0.0229893841845
453 232.6484341 232.812016278 0.00421185209295 0.090644482489 0.00129639578308 -0.0233384847342
*Step  = 6
*Time  = 0.6
*Data  = sx;sy;sz;sxy;syz;sxz
1954 274.368747811 274.448735722 0.0120576689076 0.22642246275 0.130784600737 -0.00613494808485
1995 274.129524602 273.884377677 0.014777394142 0.222638893606 -0.12856813318 0.00778209293598
872 273.879885906 274.124020086 0.0113757850267 0.21968877182 -0.00371641422594 0.0644555214839
453 273.32622525 273.876253763 0.0136895005062 0.218270351456 0.00467678725222 -0.065328423645
*Step  = 7
*Time  = 0.7
*Data  = sx;sy;sz;sxy;syz;sxz
1954 317.779019066 316.963877319 0.0479628931562 0.608048823593 0.37207071623 -0.0424684088645
1995 317.034795 315.40271901 0.0496632280065 0.585386941779 -0.36369539454 0.0454113209287
872 315.374236749 316.999593171 0.0308227499463 0.576409519854 -0.0214798496989 0.182972179078
453 313.871640379 316.225469488 0.0313093254107 0.559732883733 0.0237750060658 -0.18394214822
*Step  = 8
*Time  = 0.8
*Data  = sx;sy;sz;sxy;syz;sxz
1954 367.55107299 361.732326204 0.224206413523 1.59607962017 0.968321426436 -0.187332855973
1995 365.283902207 357.629717189 0.200762847936 1.45872510576 -0.927702182831 0.190891030186
872 357.48863109 365.112487484 0.120747395814 1.42249418831 -0.0895937562631 0.470887966979
453 353.721320268 362.753662808 0.0983597337225 1.30971023646 0.0940436197247 -0.461325754447
*Step  = 9
*Time  = 0.9
*Data  = sx;sy;sz;sxy;syz;sxz
1954 426.52203815 406.22563387 0.514139711012 3.29902017899 2.13081953754 -0.54149277871
1995 420.548674315 397.522847727 0.415433452799 2.7913153542 -1.9382416782 0.535782635971
872 397.030079459 419.963187611 0.169494138683 2.65625206482 -0.251390552821 0.99291810529
453 389.646511314 414.003665441 0.103972000016 2.28502840026 0.253432346938 -0.925130011428
*Step  = 10
*Time  = 0.995742711
*Data  = sx;sy;sz;sxy;syz;sxz
1954 489.977343221 448.39957924 0.82788134101 5.25074811649 4.0691483911 -1.19883809917
1995 477.594473807 432.553909767 0.568588962085 4.16295483266 -3.40269604666 1.12766059836
872 431.344534474 476.171441258 -0.00309770056208 3.79893138795 -0.530062668634 1.75293518899
453 419.357581516 464.520767678 -0.0812239760901 3.12878976392 0.504717555561 -1.52162499601
*Step  = 11
*Time  = 1
*Data  = sx;sy;sz;sxy;syz;sxz
1954 492.936160593 450.467515828 0.848574074895 5.35212007859 4.19354910839 -1.23838979531
1995 480.187759607 434.146349269 0.575753854307 4.22973130287 -3.4900289195 1.16202667941
872 432.893120817 478.713446828 -0.016390695537 3.85048547092 -0.546157874763 1.79847816811
453 420.630461181 466.747493329 -0.0945865720742 3.16672263123 0.518459817948 -1.55445532138
