*Step  = 0
*Time  = 0
*Data  = Fxx;Fxy;Fxz;Fyx;Fyy;Fyz;Fzx;Fzy;Fzz
1344 1 0 0 0 1 0 0 0 1
1198 1 0 0 0 1 0 0 0 1
2153 1 0 0 0 1 0 0 0 1
30 1 0 0 0 1 0 0 0 1
*Step  = 1
*Time  = 0.1
*Data  = Fxx;Fxy;Fxz;Fyx;Fyy;Fyz;Fzx;Fzy;Fzz
1344 1.04999669093 8.33053662302e-08 -3.99556082664e-12 -7.73801300466e-09 0.922221547633 1.69083377265e-08 -2.93451374311e-12 -3.62173575852e-09 1.05000054415
1198 1.0499967609 1.85962356625e-15 1.83265902454e-12 -1.95243127221e-15 0.922221526778 1.38411417744e-14 1.63277724674e-12 -1.33365540833e-14 1.05000055173
2153 1.05000055395 3.19167435536e-14 1.91686944095e-16 -3.54581815298e-14 0.922221523035 4.09394740331e-16 0 -5.82867087928e-16 1.0499967609
30 1.05000054415 -3.62169510701e-09 -2.93300279897e-12 1.69082932707e-08 0.922221547633 -7.73799586819e-09 -3.99575598303e-12 8.33053614264e-08 1.04999669093
*Step  = 2
*Time  = 0.2
*Data  = Fxx;Fxy;Fxz;Fyx;Fyy;Fyz;Fzx;Fzy;Fzz
1344 1.09999707671 7.54427168237e-08 -1.18096504798e-12 -1.18702483657e-07 0.852001394907 1.08540194914e-08 1.26565424807e-12 -2.36255011388e-09 1.1000004665
1198 1.09999714008 -5.96744875736e-16 5.63479818361e-13 7.87998138962e-16 0.852001389377 -3.93619598721e-16 -2.10720330074e-13 -4.16333634234e-16 1.10000047207
2153 1.10000047359 -6.36643515683e-16 1.05818132035e-16 1.20378967211e-15 0.852001387123 -3.60388802134e-16 0 1.72084568817e-15 1.09999714008
30 1.1000004665 -2.36255377414e-09 1.26581384263e-12 1.08540213727e-08 0.852001394907 -1.18702472079e-07 -1.18148980183e-12 7.54427153854e-08 1.09999707671
*Step  = 3
*Time  = 0.3
*Data  = Fxx;Fxy;Fxz;Fyx;Fyy;Fyz;Fzx;Fzy;Fzz
1344 1.1499975352 6.51511758987e-08 1.99097682785e-13 -2.14745834177e-07 0.7885879521 6.7483459619e-09 2.41393016687e-12 -1.32979698086e-09 1.15000037359
1198 1.14999758993 -2.77555756156e-17 -5.65658631047e-14 4.86806775446e-16 0.788587957813 -1.27176914833e-16 -7.9708462053e-13 8.18789480661e-16 1.1500003775
2153 1.15000037851 5.83300768797e-16 1.01481323345e-16 -1.41813644161e-16 0.788587956496 -8.99887803163e-17 -4.4408920985e-16 8.881784197e-16 1.14999758993
30 1.15000037359 -1.32979654024e-09 2.41474201745e-12 6.74834688824e-09 0.7885879521 -2.14745824334e-07 1.98669206086e-13 6.51511738148e-08 1.1499975352
*Step  = 4
*Time  = 0.4
*Data  = Fxx;Fxy;Fxz;Fyx;Fyy;Fyz;Fzx;Fzy;Fzz
1344 1.19999802133 5.38913385306e-08 1.44530221124e-12 -2.89317881565e-07 0.73128390856 4.08398264989e-09 3.46592199385e-12 -6.56100354601e-10 1.20000027631
1198 1.1999980666 -1.63757896132e-15 -6.21641627063e-13 7.52869988574e-16 0.731283921324 -2.42861286637e-17 -1.33135169555e-12 2.49800180541e-16 1.20000027896
2153 1.20000027962 6.21898366138e-16 1.30104260698e-17 -1.47017814589e-16 0.731283920573 -2.20743562318e-16 -8.881784197e-16 2.63677968348e-15 1.1999980666
30 1.20000027631 -6.56102259328e-10 3.46699752241e-12 4.0839831985e-09 0.73128390856 -2.89317873669e-07 1.44429954108e-12 5.38913360109e-08 1.19999802133
*Step  = 5
*Time  = 0.5
*Data  = Fxx;Fxy;Fxz;Fyx;Fyy;Fyz;Fzx;Fzy;Fzz
1344 1.24999916846 -3.76381249084e-07 2.98464031268e-12 -1.46584794103e-06 0.679448945584 2.38088670068e-09 5.69874702983e-12 -2.12597855986e-10 1.250000183
1198 1.24999854087 -3.70749092718e-07 -1.06384345777e-12 -1.11501392495e-06 0.679449276818 7.9544201087e-12 -1.72761804862e-12 -2.66010963257e-11 1.2500001847
2153 1.25000018427 -2.59672393806e-06 2.23779328401e-16 -2.2188164161e-08 0.679449277989 2.60208521397e-17 0 1.58206781009e-15 1.2499985356
30 1.25000020024 -2.58316432761e-06 -4.3521227594e-10 -2.96005167755e-08 0.679449252908 -3.40162326868e-07 3.76304022665e-12 4.27685120531e-08 1.24999849966
*Step  = 6
*Time  = 0.6
*Data  = Fxx;Fxy;Fxz;Fyx;Fyy;Fyz;Fzx;Fzy;Fzz
1344 1.30000918735 -6.43941988829e-06 5.09098319057e-12 -1.47149002356e-05 0.632497656522 1.13510195479e-09 9.32004473597e-12 1.74024211708e-10 1.30000010037
1198 1.29999896916 -5.72510642889e-06 -1.36513023108e-12 -1.418552274e-05 0.632502096333 1.14631376006e-10 -1.908168068e-12 -1.19635704121e-10 1.30000010134
2153 1.30000010333 -3.78306282737e-05 -1.89084858881e-16 -1.05271210969e-07 0.632502093606 -5.08273978461e-16 4.4408920985e-16 9.71445146547e-16 1.29999896739
30 1.30000030828 -3.76678018996e-05 -9.83543767263e-10 -2.01760232523e-07 0.632501980597 -3.6780417458e-07 9.9360381034e-12 3.25705643116e-08 1.29999894001
*Step  = 7
*Time  = 0.7
*Data  = Fxx;Fxy;Fxz;Fyx;Fyy;Fyz;Fzx;Fzy;Fzz
1344 1.35003955668 -2.54946997025e-05 8.09734224116e-12 -4.8006897369e-05 0.589902491832 1.81041974923e-10 1.24963928094e-11 4.84343481988e-10 1.35000003258
1198 1.34999918803 -2.2563222275e-05 -1.54161405863e-12 -4.69902775169e-05 0.589918337486 2.87140450739e-10 -1.9238777238e-12 -2.31979699339e-10 1.35000003304
2153 1.35000007597 -0.00014239142144 8.50014503229e-17 -2.17998986592e-07 0.589918266191 -8.12717948495e-16 -1.33226762955e-15 1.49880108324e-15 1.34999934086
30 1.35000069392 -0.000141899787039 -9.73869540566e-10 -4.71621498929e-07 0.58991798765 -3.75153921916e-07 1.75493959642e-11 2.37979331987e-08 1.34999932084
*Step  = 8
*Time  = 0.8
*Data  = Fxx;Fxy;Fxz;Fyx;Fyy;Fyz;Fzx;Fzy;Fzz
1344 1.40010622467 -6.79606643562e-05 1.23117210871e-11 -0.000108824183229 0.551190595498 -6.16046069192e-10 1.67951486052e-11 7.9680859133e-10 1.39999998079
1198 1.3999986842 -6.00637213931e-05 -1.67803271278e-12 -0.000106766359263 0.55122894736 5.08896509134e-10 -1.82792669889e-12 -3.74708583606e-10 1.39999998086
2153 1.40000022284 -0.000364956034944 -1.73472347598e-18 -3.42162880742e-07 0.55122855577 1.8561541193e-16 4.4408920985e-16 1.2490009027e-15 1.39999964738
30 1.40000151396 -0.000363931527187 -1.0561571305e-09 -8.04871752523e-07 0.5512280426 -3.66478578396e-07 2.69204519787e-11 1.66512017959e-08 1.39999963334
*Step  = 9
*Time  = 0.9
*Data  = Fxx;Fxy;Fxz;Fyx;Fyy;Fyz;Fzx;Fzy;Fzz
1344 1.45023752167 -0.000153064400108 1.83849740987e-11 -0.00021186967089 0.515937458814 -1.44758882832e-09 2.31649144311e-11 1.19350590522e-09 1.44999994433
1198 1.44999548573 -0.000135073643302 -2.06169803452e-12 -0.000207835996546 0.516016078378 8.22849835144e-10 -1.6715240303e-12 -5.70943362033e-10 1.44999994405
2153 1.45000099075 -0.00079492426682 1.73472347598e-18 -4.82571418235e-07 0.516014456507 -7.42461647718e-16 -6.66133814775e-16 1.94289029309e-15 1.44999988569
30 1.45000332554 -0.000793088823364 -1.43846992651e-09 -1.2201262987e-06 0.516013621849 -3.46213947605e-07 3.96565072447e-11 1.10969563295e-08 1.4499998763
*Step  = 10
*Time  = 1
*Data  = Fxx;Fxy;Fxz;Fyx;Fyy;Fyz;Fzx;Fzy;Fzz
1344 1.50046752621 -0.000324713570774 -1.80052306398e-10 -0.000389760505041 0.483766534708 2.80299715829e-08 -1.81062803639e-10 -9.5025829705e-09 1.50000404399
1198 1.49995482943 -0.00028563955714 1.36287509056e-11 -0.000386797809338 0.483918554828 -1.38791747626e-08 1.44219081122e-11 4.60066597319e-09 1.50000404774
2153 1.50000835554 -0.00163699352979 -2.56739074445e-16 -1.83943392272e-06 0.483912296727 -2.81025203108e-16 -2.22044604925e-16 3.69149155688e-15 1.49997325392
30 1.50001240503 -0.0016338954767 -6.66455706247e-09 -2.96701130762e-06 0.48391107251 4.48019739552e-06 -3.309632568e-10 1.32950330918e-08 1.49997324337
