*Step  = 0
*Time  = 0
*Data  = sx;sy;sz;sxy;syz;sxz
1344 0 0 0 0 0 0
1198 0 0 0 0 0 0
2153 0 0 0 0 0 0
30 0 0 0 0 0 0
*Step  = 1
*Time  = 0.1
*Data  = sx;sy;sz;sxy;syz;sxz
1344 85.4531454389 -0.0123136274017 85.4558897399 2.32998471901e-05 4.88838496898e-06 -2.46793683917e-09
1198 85.4533473201 -0.0121702452697 85.456047188 -1.13635479573e-13 7.57639408992e-13 1.2340591321e-09
2153 85.4560429773 -0.0121785414748 85.4533415306 -2.64426994578e-12 -3.65158730534e-14 6.82605453958e-14
30 85.4558897398 -0.0123136274718 85.4531454388 4.88838185259e-06 2.32998517899e-05 -2.46746828058e-09
*Step  = 2
*Time  = 0.2
*Data  = sx;sy;sz;sxy;syz;sxz
1344 161.908599342 -0.0115471341468 161.911093781 -2.21747446611e-05 3.32028055289e-06 3.10990178175e-11
1198 161.908805998 -0.0113811653987 161.9112579 1.19868972565e-13 -2.63473737667e-13 1.29792509721e-10
2153 161.911255414 -0.0113862594701 161.908802393 2.61483372974e-13 3.57811248106e-13 3.89339905444e-14
30 161.911093781 -0.0115471342106 161.908599342 3.32028020197e-06 -2.2174740811e-05 3.09646629345e-11
*Step  = 3
*Time  = 0.3
*Data  = sx;sy;sz;sxy;syz;sxz
1344 231.644222027 -0.0107333334153 231.646380551 -6.46667231673e-05 2.21924344101e-06 9.93540277181e-10
1198 231.644423443 -0.0105570673965 231.64654332 1.77864765906e-13 1.6513345598e-13 -3.2458917926e-10
2153 231.646541918 -0.0105601081751 231.644421272 9.8166777718e-14 1.97366311018e-13 -1.30272446238e-13
30 231.646380551 -0.0107333334704 231.644222027 2.21924390813e-06 -6.46667199681e-05 9.93686049528e-10
*Step  = 4
*Time  = 0.4
*Data  = sx;sy;sz;sxy;syz;sxz
1344 296.41032849 -0.00988525254057 296.412100675 -0.000100781734419 1.44768182105e-06 1.92984318767e-09
1198 296.410516181 -0.00971001712065 296.412254868 -9.63026291267e-14 5.02749318262e-14 -7.67424457074e-10
2153 296.412254108 -0.00971179350288 296.410514907 9.11518241847e-14 5.44672973462e-13 -3.43895763477e-13
30 296.412100675 -0.0098852525902 296.41032849 1.44768158051e-06 -0.000100781731919 1.92987181645e-09
*Step  = 5
*Time  = 0.5
*Data  = sx;sy;sz;sxy;syz;sxz
1344 357.554628474 -0.0089490259428 357.554379665 -9.5168719807e-05 9.19742653478e-07 3.52537814461e-09
1198 357.554084921 -0.0088414512115 357.554347157 4.84859752716e-05 -2.64102892234e-09 -1.1333781161e-09
2153 357.555412107 -0.00884923492316 357.55300077 9.34266449091e-07 3.59711771241e-13 9.08562816294e-14
30 357.555289405 -0.00901488760165 357.552835917 9.18694973097e-07 -0.00012867012424 -1.75171141897e-07
*Step  = 6
*Time  = 0.6
*Data  = sx;sy;sz;sxy;syz;sxz
1344 416.138804534 -0.00733851723591 416.115130819 0.000324809558041 5.11535325744e-07 6.04547366428e-09
1198 416.128138303 -0.00796672619856 416.113042636 0.000689402200575 2.36618138166e-08 -1.3740010149e-09
2153 416.129056829 -0.00798474644514 416.112081524 3.24971589193e-05 -1.49322557357e-14 1.06946720828e-13
30 416.129124321 -0.00815297890322 416.1119539 2.53768056627e-05 -0.00014759988808 -4.08295412325e-07
*Step  = 7
*Time  = 0.7
*Data  = sx;sy;sz;sxy;syz;sxz
1344 473.003637312 -0.00435611578919 472.907067622 0.00162820324199 1.70035947416e-07 8.93597527947e-09
1198 472.961275792 -0.00714784037625 472.899729015 0.00259713949391 8.0432162069e-08 -1.50963311192e-09
2153 472.96190387 -0.00713769892307 472.899191279 9.00745002225e-05 -6.83120958888e-14 -5.4011298577e-13
30 472.962370085 -0.00732738094452 472.899103205 7.40583588111e-05 -0.000157934145457 -4.14063571761e-07
*Step  = 8
*Time  = 0.8
*Data  = sx;sy;sz;sxy;syz;sxz
1344 528.827968135 0.000826382801993 528.567793139 0.00445070211242 -1.35055854404e-07 1.30850537972e-08
1198 528.714571637 -0.00649994966711 528.550840621 0.00663910648481 1.6144965708e-07 -1.60374448784e-09
2153 528.715312662 -0.00632569683018 528.550915957 0.000165733282201 3.02756311944e-13 1.97709941513e-13
30 528.716429526 -0.00655972995713 528.550858946 0.000142112297338 -0.000160823308366 -4.59875315886e-07
*Step  = 9
*Time  = 0.9
*Data  = sx;sy;sz;sxy;syz;sxz
1344 584.192488782 0.00952229817956 583.600141795 0.0100228191551 -4.71309392553e-07 1.9405546065e-08
1198 583.934829609 -0.00641436721446 583.567055632 0.0143634727715 2.85529665357e-07 -1.84289977532e-09
2153 583.937230227 -0.00556338522369 583.568490032 0.000265353180432 -2.34076470772e-14 -3.06364216135e-13
30 583.939375156 -0.00587597097026 583.568448201 0.00023550951479 -0.00015773618057 -6.44633972072e-07
*Step  = 10
*Time  = 1
*Data  = sx;sy;sz;sxy;syz;sxz
1344 639.658326865 0.0371460782009 638.413924899 0.0240845640524 1.18581250696e-05 -1.75787482355e-07
1198 639.103767699 0.00470215930236 638.353038867 0.0295976053563 -5.8875970733e-06 1.53639914769e-08
2153 639.142966822 0.00795363958392 638.329056872 5.63373319731e-05 4.32834323938e-13 -2.27558647745e-13
30 639.147260926 0.0080435382303 638.329401307 2.44988273755e-05 0.00213036822136 -3.32337580064e-06
