*Step  = 0
*Time  = 0
*Data  = Fxx;Fxy;Fxz;Fyx;Fyy;Fyz;Fzx;Fzy;Fzz
1943 1 0 0 0 1 0 0 0 1
1660 1 0 0 0 1 0 0 0 1
57 1 0 0 0 1 0 0 0 1
341 1 0 0 0 1 0 0 0 1
*Step  = 1
*Time  = 0.1
*Data  = Fxx;Fxy;Fxz;Fyx;Fyy;Fyz;Fzx;Fzy;Fzz
1943 1.03284950251 -1.43641023034e-07 0.0340944872932 -1.54997715291e-06 0.983912533741 -2.61223457449e-06 -0.0463815007471 1.73379635413e-06 0.985823982083
1660 0.993488321715 -2.67037856966e-08 0.00112432599932 2.0694860269e-08 1.00320448898 2.11690040497e-12 -0.0342793547683 3.85126329161e-08 1.00013599087
57 1.02688104704 -7.75905428491e-07 0.0386089314506 -6.88845207131e-07 0.986423112189 -2.37844643811e-06 -0.0477307377181 2.06878210342e-06 0.987883930258
341 0.993488321715 -2.67037877921e-08 0.00112432599932 2.06948619925e-08 1.00320448898 2.11652050053e-12 -0.0342793547683 3.85126321389e-08 1.00013599087
*Step  = 2
*Time  = 0.2
*Data  = Fxx;Fxy;Fxz;Fyx;Fyy;Fyz;Fzx;Fzy;Fzz
1943 1.06583410056 -1.05870721884e-06 0.0664734618894 -7.35259286552e-06 0.967841728908 -1.22506304663e-05 -0.0938890327877 8.22495259276e-06 0.970093679545
1660 0.987691974397 -1.30795100778e-07 0.00219620155514 9.4842985846e-08 1.00620055338 2.6818702023e-08 -0.0675696509254 1.90044538301e-07 1.00002210019
57 1.05370712182 -4.0460260932e-06 0.0751792804642 -3.08211995921e-06 0.97263431768 -1.10628364604e-05 -0.0962021514484 9.88695160785e-06 0.973788964724
341 0.987691974397 -1.30795101416e-07 0.00219620155514 9.48429873682e-08 1.00620055338 2.68187018097e-08 -0.0675696509254 1.90044537149e-07 1.00002210019
*Step  = 3
*Time  = 0.3
*Data  = Fxx;Fxy;Fxz;Fyx;Fyy;Fyz;Fzx;Fzy;Fzz
1943 1.09888449053 -3.34668153128e-06 0.0970676083568 -1.88836131092e-05 0.951859043507 -3.29857760195e-05 -0.142618255908 2.23538060721e-05 0.953073081292
1660 0.98260007374 -3.69557235022e-07 0.00320760248476 3.50296374461e-07 1.00898611392 1.58616941161e-07 -0.100059247575 5.21987191276e-07 0.999671122118
57 1.08044826503 -1.1566840379e-05 0.109625393992 -7.3249052479e-06 0.958721326204 -2.92998481032e-05 -0.145492758449 2.69633664393e-05 0.958018088824
341 0.98260007374 -3.69557235036e-07 0.00320760248476 3.50296375833e-07 1.00898611392 1.58616940643e-07 -0.100059247575 5.21987190402e-07 0.999671122118
*Step  = 4
*Time  = 0.4
*Data  = Fxx;Fxy;Fxz;Fyx;Fyy;Fyz;Fzx;Fzy;Fzz
1943 1.13191784171 -5.66615267762e-06 0.125823445035 -3.6310740759e-05 0.936029562598 -7.36238875016e-05 -0.19264546833 4.93175149931e-05 0.935014249795
1660 0.978191110793 -8.63210976046e-07 0.00415303768736 1.33542045093e-06 1.01156148646 5.3194527931e-07 -0.131938217694 1.15999049873e-06 0.999102127113
57 1.10706573642 -2.4925227286e-05 0.141893516894 -1.23564224134e-05 0.94476115319 -6.34683493412e-05 -0.19567351991 5.97477914296e-05 0.94086278322
341 0.978191110793 -8.63210976865e-07 0.00415303768736 1.33542045295e-06 1.01156148646 5.31945278858e-07 -0.131938217694 1.15999049875e-06 0.999102127113
*Step  = 5
*Time  = 0.5
*Data  = Fxx;Fxy;Fxz;Fyx;Fyy;Fyz;Fzx;Fzy;Fzz
1943 1.16484565739 4.57903434481e-06 0.152705765433 -5.42754270426e-05 0.920411662392 -0.000160137925253 -0.244030977954 9.96679952275e-05 0.916154777699
1660 0.974434727383 -1.91899296179e-06 0.00502967151173 4.98332734684e-06 1.01392905587 1.31325782405e-06 -0.163392590768 2.46025181229e-06 0.998339021096
57 1.13351795705 -4.13073081546e-05 0.17196671386 -1.28384556388e-05 0.930818737863 -0.000131006740457 -0.246810676054 0.000122871325844 0.922596918564
341 0.974434727383 -1.91899296303e-06 0.00502967151173 4.98332734881e-06 1.01392905587 1.31325782383e-06 -0.163392590768 2.46025181228e-06 0.998339021096
*Step  = 6
*Time  = 0.6
*Data  = Fxx;Fxy;Fxz;Fyx;Fyy;Fyz;Fzx;Fzy;Fzz
1943 1.19758935291 0.000107070220013 0.177646138309 -4.07699545036e-05 0.905067589912 -0.000401773579826 -0.296825074696 0.000199259335187 0.896717664905
1660 0.971294522587 -4.63778328261e-06 0.00583723299018 1.94771954548e-05 1.0160923803 2.73215265087e-06 -0.19460014259 5.8449797225e-06 0.997409128998
57 1.15978511534 -2.44081186578e-05 0.199837208723 1.57388706807e-05 0.91693941637 -0.000301961435511 -0.298971084388 0.000262262716233 0.903470850911
341 0.971294522587 -4.63778328336e-06 0.00583723299018 1.94771954565e-05 1.0160923803 2.73215265068e-06 -0.19460014259 5.84497971939e-06 0.997409128998
*Step  = 7
*Time  = 0.7
*Data  = Fxx;Fxy;Fxz;Fyx;Fyy;Fyz;Fzx;Fzy;Fzz
1943 1.23014126286 0.000778939842727 0.200279657084 0.000167411356424 0.890138408046 -0.00135929917153 -0.351110228938 0.000415616392801 0.87692088262
1660 0.968733791411 -1.42636815629e-05 0.00657774096921 8.81775280934e-05 1.01805403361 5.5438982256e-06 -0.225726608251 1.85813110237e-05 0.9963412556
57 1.18599957086 0.000281780249648 0.225383407985 0.000193538888771 0.903112991961 -0.000928732593972 -0.35227282629 0.000664061469358 0.88369938222
341 0.968733791411 -1.42636815638e-05 0.00657774096921 8.81775280948e-05 1.01805403361 5.54389822496e-06 -0.225726608251 1.85813110241e-05 0.9963412556
*Step  = 8
*Time  = 0.8
*Data  = Fxx;Fxy;Fxz;Fyx;Fyy;Fyz;Fzx;Fzy;Fzz
1943 1.26265446485 0.00313448800106 0.219714192129 0.000900796919689 0.875864437639 -0.0042552235115 -0.407096396011 0.000764125996107 0.857040978532
1660 0.966719283395 -4.20429806906e-05 0.00725472709987 0.00032269373321 1.01981342889 1.26202054965e-05 -0.256937772058 5.86392127471e-05 0.995165564524
57 1.21255432789 0.00146865079264 0.248281851655 0.000775991196535 0.889248333521 -0.00276502655547 -0.406974045396 0.00167363481796 0.863480700418
341 0.966719283395 -4.20429806925e-05 0.00725472709987 0.000322693733212 1.01981342889 1.26202054959e-05 -0.256937772058 5.86392127496e-05 0.995165564524
*Step  = 9
*Time  = 0.9
*Data  = Fxx;Fxy;Fxz;Fyx;Fyy;Fyz;Fzx;Fzy;Fzz
1943 1.29567584046 0.00797752622863 0.23460595188 0.00248840696884 0.86219335591 -0.0100736673199 -0.465169792351 0.00105663104571 0.83762729522
1660 0.965214213696 -9.33774063035e-05 0.00787359641875 0.0008150300979 1.02137231046 2.82605276607e-05 -0.288380035099 0.000139409309567 0.99391012057
57 1.24001705452 0.00367583326866 0.268138250721 0.00198455622838 0.875110307134 -0.00624557921608 -0.463404918932 0.00350914984265 0.843088237001
341 0.965214213696 -9.33774063039e-05 0.00787359641875 0.000815030097902 1.02137231046 2.82605276604e-05 -0.288380035099 0.000139409309569 0.99391012057
*Step  = 10
*Time  = 1
*Data  = Fxx;Fxy;Fxz;Fyx;Fyy;Fyz;Fzx;Fzy;Fzz
1943 1.32957745458 0.0156632483772 0.241191314622 0.00527593708981 0.849344284404 -0.0220589346567 -0.526089006922 0.00140923286066 0.820402036109
1660 0.964196779088 -0.000183038367225 0.00843965047294 0.00178095995867 1.02272322352 6.06085694641e-05 -0.320237770391 0.000292442601311 0.992603319936
57 1.26994171286 0.00701889104901 0.283232714079 0.00450801186371 0.860140776546 -0.0129423140074 -0.522387575994 0.007000128178 0.823130658608
341 0.964196779088 -0.000183038367226 0.00843965047294 0.00178095995867 1.02272322352 6.06085694639e-05 -0.320237770391 0.000292442601312 0.992603319936
