*Step  = 0
*Time  = 0
*Data  = sx;sy;sz;sxy;syz;sxz
1943 0 0 0 0 0 0
1660 0 0 0 0 0 0
57 0 0 0 0 0 0
341 0 0 0 0 0 0
*Step  = 1
*Time  = 0.1
*Data  = sx;sy;sz;sxy;syz;sxz
1943 33.7860118916 -0.532005533211 1.49873724045 0.00111089960066 -0.000352225305025 -4.91256445641
1660 -14.3426686107 -7.63274684915 -9.35236080406 -1.576412672e-06 1.31064884745e-05 -11.3921273759
57 26.9254074307 -1.60604948575 0.168346802117 0.000590018387106 -0.000147411790319 -3.74015010661
341 -14.3426686107 -7.63274684915 -9.35236080406 -1.57641280629e-06 1.31064880522e-05 -11.3921273759
*Step  = 2
*Time  = 0.2
*Data  = sx;sy;sz;sxy;syz;sxz
1943 68.7994600419 -0.976896728245 3.52684856226 0.00523446895487 -0.00186079335368 -12.1899188356
1660 -27.3814103182 -14.582210451 -17.2970454394 -3.34477311836e-06 7.27917717164e-05 -22.3922974268
57 55.2828528042 -3.02412532996 0.916565921938 0.00275956442521 -0.00079812776496 -9.66307725431
341 -27.3814103182 -14.582210451 -17.2970454394 -3.34477281928e-06 7.27917712048e-05 -22.3922974268
*Step  = 3
*Time  = 0.3
*Data  = sx;sy;sz;sxy;syz;sxz
1943 104.816138189 -1.34728681321 6.36140963191 0.0141395384916 -0.00558725941011 -21.9255941317
1660 -39.0805595236 -20.8095371769 -23.8319726323 3.95375234498e-05 0.000221210080949 -33.0850801092
57 84.8042285564 -4.2614624918 2.50711693451 0.0073929600272 -0.0024140896262 -17.8588759014
341 -39.0805595236 -20.8095371769 -23.8319726323 3.95375239128e-05 0.000221210080414 -33.0850801092
*Step  = 4
*Time  = 0.4
*Data  = sx;sy;sz;sxy;syz;sxz
1943 141.61316048 -1.65380127444 10.2819182707 0.0315037621977 -0.0139227618465 -34.1835682146
1660 -49.4265943189 -26.2891879028 -28.9485239206 0.000305624102434 0.000512168446945 -43.5525054897
57 115.227329365 -5.33053658802 5.2014499392 0.016272294246 -0.00595472324625 -28.3811416431
341 -49.4265943189 -26.2891879028 -28.9485239206 0.000305624102835 0.000512168446707 -43.5525054897
*Step  = 5
*Time  = 0.5
*Data  = sx;sy;sz;sxy;syz;sxz
1943 178.987264685 -1.89391054486 15.5762316976 0.0677470262724 -0.034279349042 -49.0008903267
1660 -58.426662403 -31.0087972746 -32.6333508208 0.00140619071268 0.000979632848288 -53.8719904146
57 146.310779237 -6.24352182888 9.25923385254 0.0344263018779 -0.0142247663675 -41.2506866984
341 -58.426662403 -31.0087972746 -32.6333508208 0.00140619071291 0.000979632848095 -53.8719904146
*Step  = 6
*Time  = 0.6
*Data  = sx;sy;sz;sxy;syz;sxz
1943 216.795146564 -2.01202152251 22.5707152928 0.164011620046 -0.0993534426139 -66.4096985725
1660 -66.1041095028 -34.9671581343 -34.8682615974 0.00584546069795 0.00153102391204 -64.1150231003
57 177.861437986 -7.00852089566 14.9417562385 0.0828039482664 -0.0395605853117 -56.4736543562
341 -66.1041095028 -34.9671581343 -34.8682615974 0.00584546069827 0.00153102391075 -64.1150231003
*Step  = 7
*Time  = 0.7
*Data  = sx;sy;sz;sxy;syz;sxz
1943 255.137353651 -1.67612929871 31.8159870893 0.51677752602 -0.384060248654 -86.5397740982
1660 -72.487441129 -38.1685949 -35.6262217744 0.0266247756167 0.00118430557442 -74.3463083806
57 209.868836094 -7.60311747864 22.5627221445 0.269455731994 -0.150336853047 -74.1212727822
341 -72.487441129 -38.1685949 -35.6262217744 0.0266247756169 0.00118430557422 -74.3463083806
*Step  = 8
*Time  = 0.8
*Data  = sx;sy;sz;sxy;syz;sxz
1943 294.520691014 -0.149783823012 44.2524330322 1.56791875032 -1.30943941206 -109.742167151
1660 -77.6009526157 -40.6177002693 -34.8639402255 0.0977436082606 -0.00454420988286 -84.628524495
57 242.626160456 -7.94411611274 32.571538879 0.82781492308 -0.511257546122 -94.4228049344
341 -77.6009526157 -40.6177002693 -34.8639402255 0.0977436082605 -0.00454420988231 -84.628524495
*Step  = 9
*Time  = 0.9
*Data  = sx;sy;sz;sxy;syz;sxz
1943 335.926815252 3.15341971567 60.9797921044 3.86684893942 -3.36211502356 -136.717046333
1660 -81.4852036097 -42.3308384017 -32.5437215066 0.248673244509 -0.0243092112669 -95.015673289
57 276.505800214 -8.14358902474 45.3820187542 1.88856745934 -1.24993317514 -117.724742792
341 -81.4852036097 -42.3308384017 -32.5437215066 0.248673244509 -0.0243092112664 -95.015673289
*Step  = 10
*Time  = 1
*Data  = sx;sy;sz;sxy;syz;sxz
1943 382.633726404 10.653942475 85.0785430571 8.94530625011 -8.09237167405 -169.670088106
1660 -84.149372355 -43.3093617629 -28.5863078636 0.547686441372 -0.077210308421 -105.574300704
57 313.044614307 -8.04047004409 62.1837394402 3.82399766309 -2.79492032769 -145.213183243
341 -84.149372355 -43.3093617629 -28.5863078636 0.547686441372 -0.0772103084211 -105.574300704
