*Step  = 0
*Time  = 0
*Data  = Fxx;Fxy;Fxz;Fyx;Fyy;Fyz;Fzx;Fzy;Fzz
860 1 0 0 0 1 0 0 0 1
1197 1 0 0 0 1 0 0 0 1
1121 1 0 0 0 1 0 0 0 1
803 1 0 0 0 1 0 0 0 1
*Step  = 1
*Time  = 0.1
*Data  = Fxx;Fxy;Fxz;Fyx;Fyy;Fyz;Fzx;Fzy;Fzz
860 0.985823097123 -0.0463820969138 5.55111512313e-16 0.0340944072805 1.0328490258 6.24500451352e-17 -1.31838984174e-16 -1.89084858881e-16 0.983913668158
1197 1.00013599056 -0.0342793327244 1.87350135405e-16 0.00112432939133 0.993488258557 -4.85722573274e-16 3.60822483003e-16 7.6327832943e-17 1.00320453845
1121 0.987883052276 -0.0477307911354 2.08166817117e-16 0.0386080627575 1.02688047596 9.02056207508e-17 -2.42861286637e-17 -1.54390389362e-16 0.986424596277
803 1.00109495128 -0.0355102745674 -9.92261828259e-16 0.00183419860322 0.990529730562 -7.35522753814e-16 -7.6327832943e-17 1.83880688454e-16 1.00402117005
*Step  = 2
*Time  = 0.2
*Data  = Fxx;Fxy;Fxz;Fyx;Fyy;Fyz;Fzx;Fzy;Fzz
860 0.970089187448 -0.0938917382288 9.85322934355e-16 0.0664717671709 1.06583170047 3.67761376907e-16 -1.11022302463e-16 -5.03069808033e-17 0.967847446506
1197 1.00002210523 -0.0675694913577 -8.39606162373e-16 0.00219621956064 0.987691656088 -1.52655665886e-16 -5.55111512313e-17 -2.56739074445e-16 1.00620079791
1121 0.973784861649 -0.0962021405421 8.881784197e-16 0.0751738766351 1.05370448288 -1.2490009027e-16 -3.33066907388e-16 3.98986399475e-17 0.972641405995
803 1.00182802417 -0.0694196207639 -1.08246744901e-15 0.00363093060671 0.98186450592 -5.55111512313e-17 -5.20417042793e-17 8.84708972748e-17 1.00785083661
*Step  = 3
*Time  = 0.3
*Data  = Fxx;Fxy;Fxz;Fyx;Fyy;Fyz;Fzx;Fzy;Fzz
860 0.953060840301 -0.142624911736 1.4294121442e-15 0.0970599155857 1.0988776128 7.56339435526e-16 1.73472347598e-17 -1.21430643318e-17 0.951874885472
1197 0.999671156065 -0.100058593228 4.92661467177e-16 0.00320765340597 0.982599182348 8.46545056277e-16 1.66533453694e-16 -2.98372437868e-16 1.00898677961
1121 0.958007775308 -0.145491966165 -3.88578058619e-16 0.109607810562 1.08044121046 1.04083408559e-16 1.49186218934e-16 -3.98986399475e-17 0.958740296389
803 1.00219630297 -0.101926052265 -2.8449465006e-16 0.00537211215259 0.974019416789 -4.4408920985e-16 5.37764277553e-17 1.28369537222e-16 1.01148142017
*Step  = 4
*Time  = 0.4
*Data  = Fxx;Fxy;Fxz;Fyx;Fyy;Fyz;Fzx;Fzy;Fzz
860 0.934988910923 -0.192657731016 -9.99200722163e-16 0.125802845881 1.13190149927 -7.49400541622e-16 -5.41233724505e-16 -7.1123662515e-17 0.936063595376
1197 0.999102246136 -0.131936215324 -4.96130914129e-16 0.00415314223068 0.978189133377 -4.16333634234e-17 6.93889390391e-17 -3.46944695195e-17 1.01156290757
1121 0.940843323292 -0.195669956423 -4.57966997658e-16 0.141851079579 1.10704964891 1.05471187339e-15 5.20417042793e-17 -1.73472347598e-18 0.944801595118
803 1.0022075855 -0.133246046957 2.98372437868e-16 0.00704183786098 0.966994153286 -2.22044604925e-16 -1.37043154602e-16 2.46330733589e-16 1.01490811903
*Step  = 5
*Time  = 0.5
*Data  = Fxx;Fxy;Fxz;Fyx;Fyy;Fyz;Fzx;Fzy;Fzz
860 0.916109979733 -0.244048064605 -6.52256026967e-16 0.152670751783 1.16480787887 5.96744875736e-16 -2.08166817117e-16 1.57859836314e-16 0.920474014347
1197 0.998339330943 -0.163387510031 -2.94902990916e-16 0.0050298521331 0.974430761818 -9.29811783124e-16 -2.77555756156e-17 -2.42861286637e-16 1.01393177491
1121 0.922566904043 -0.246798615418 1.20736753928e-15 0.171883375855 1.13348007111 5.27355936697e-16 2.81025203108e-16 -2.94902990916e-16 0.930896706387
803 1.00187962348 -0.16360646445 -1.2490009027e-16 0.00862721139781 0.960773698287 5.82867087928e-16 -8.84708972748e-17 3.33066907388e-16 1.01812879338
*Step  = 6
*Time  = 0.6
*Data  = Fxx;Fxy;Fxz;Fyx;Fyy;Fyz;Fzx;Fzy;Fzz
860 0.89664490182 -0.296833017627 8.74300631892e-16 0.177653166269 1.19749279152 -1.11022302463e-16 -1.83880688454e-16 8.67361737988e-18 0.905160271193
1197 0.997409832634 -0.194588703729 1.21430643318e-16 0.00583754541034 0.971286476041 1.0685896612e-15 -9.71445146547e-17 -1.94289029309e-16 1.01609756282
1121 0.903434611718 -0.298929309193 9.71445146547e-17 0.199713609722 1.15967510654 3.40005801291e-16 -4.19803081186e-16 -1.30104260698e-16 0.917088924915
803 1.00123910226 -0.193237638621 -3.74700270811e-16 0.0101187696178 0.955330161013 8.46545056277e-16 1.14491749414e-16 4.11129463807e-16 1.02114341721
*Step  = 7
*Time  = 0.7
*Data  = Fxx;Fxy;Fxz;Fyx;Fyy;Fyz;Fzx;Fzy;Fzz
860 0.876799613959 -0.351027568659 9.71445146547e-17 0.200748243594 1.22984502585 -1.09634523682e-15 -7.07767178199e-16 -2.20309881449e-16 0.890171656671
1197 0.99634313799 -0.225703627806 1.4224732503e-16 0.00657833942268 0.968714108507 -3.74700270811e-16 -8.32667268469e-17 1.66533453694e-16 1.01806548241
1121 0.883682624014 -0.352098671658 7.21644966006e-16 0.225367955511 1.18557195492 -4.57966997658e-16 -2.04697370165e-16 -2.94902990916e-16 0.90343454828
803 1.00032009354 -0.222366859339 -4.30211422042e-16 0.0115106165317 0.950625152553 -3.60822483003e-16 5.55111512313e-17 -1.04083408559e-16 1.02395349045
*Step  = 8
*Time  = 0.8
*Data  = Fxx;Fxy;Fxz;Fyx;Fyy;Fyz;Fzx;Fzy;Fzz
860 0.856770407112 -0.406622776935 5.55111512313e-17 0.221941181521 1.26174670177 8.25728374565e-16 -2.671474153e-16 -5.15212872365e-16 0.875555438531
1197 0.995169112716 -0.256881390177 -4.14598910758e-16 0.00725632484349 0.966669076187 5.13478148889e-16 1.38777878078e-17 -1.73472347598e-16 1.01984128512
1121 0.863530202542 -0.40632605424 -1.02695629778e-15 0.24887115421 1.21110635832 -3.60822483003e-16 7.97972798949e-17 -1.19695919842e-16 0.889984477649
803 0.999162144225 -0.251212647118 -2.28983498829e-16 0.0128002887659 0.946612462578 -2.77555756156e-17 2.09901540593e-16 4.51028103754e-17 1.02656147365
*Step  = 9
*Time  = 0.9
*Data  = Fxx;Fxy;Fxz;Fyx;Fyy;Fyz;Fzx;Fzy;Fzz
860 0.836761153364 -0.463583342704 -1.2490009027e-16 0.241151246341 1.29307174119 7.42461647718e-16 -9.02056207508e-17 -2.65412691824e-16 0.86136359076
1197 0.993916745717 -0.288255308776 -2.16840434497e-16 0.00787709386632 0.965106315558 3.46944695195e-16 0 -2.70616862252e-16 1.0214308618
1121 0.843190182598 -0.461610865984 -6.66133814775e-16 0.270209451397 1.23622193049 -1.12410081243e-15 1.04083408559e-16 -3.46944695195e-17 0.876786596477
803 0.997808181279 -0.279980235772 -1.14491749414e-16 0.0139884120595 0.943240809632 2.49800180541e-16 2.61943244872e-16 1.38777878078e-17 1.02897028564
*Step  = 10
*Time  = 1
*Data  = Fxx;Fxy;Fxz;Fyx;Fyy;Fyz;Fzx;Fzy;Fzz
860 0.817037103209 -0.52183717633 4.30211422042e-16 0.258084275854 1.32368325331 7.42461647718e-16 -2.08166817117e-17 -5.70724023596e-16 0.847670742247
1197 0.992613006409 -0.319943462555 4.42354486374e-17 0.00844722613967 0.963981992866 -1.52655665886e-16 -6.93889390391e-17 -1.94289029309e-16 1.02283989732
1121 0.822898430099 -0.517930141062 1.94289029309e-15 0.289240849731 1.26089690233 -1.38777878078e-16 -1.56125112838e-16 -1.45716771982e-16 0.863890049951
803 0.99630239609 -0.308858865055 1.07552855511e-16 0.0150782261273 0.940456540599 1.94289029309e-16 -1.3357370765e-16 1.83880688454e-16 1.03118284881
