*Step  = 0
*Time  = 0
*Data  = sx;sy;sz;sxy;syz;sxz
860 0 0 0 0 0 0
1197 0 0 0 0 0 0
1121 0 0 0 0 0 0
803 0 0 0 0 0 0
*Step  = 1
*Time  = 0.1
*Data  = sx;sy;sz;sxy;syz;sxz
860 1.49810101044 33.7839526073 -0.533477421734 -4.91212407367 -4.7944287429e-14 1.4598044995e-13
1197 -9.35240723426 -14.3427583595 -7.63275878699 -11.3921180318 -1.42004463743e-13 1.88519339028e-13
1121 0.168249828532 26.9244277766 -1.60605213308 -3.739928415 -2.45567455259e-14 6.46427356088e-14
803 -12.3809805805 -20.1028176496 -10.7861853129 -11.5467056934 -1.92582061409e-13 -3.73912706353e-13
*Step  = 2
*Time  = 0.2
*Data  = sx;sy;sz;sxy;syz;sxz
860 3.52367673984 68.7896832638 -0.983687383405 -12.1874113267 1.00388447555e-13 2.90378832091e-13
1197 -17.2972844572 -27.3818737126 -14.5822846965 -22.3922301236 -1.41608946791e-13 -3.06811867579e-13
1121 0.91610585315 55.2783157804 -3.02412045347 -9.66181396846 -3.67345043273e-14 1.83637827167e-13
803 -23.4938835423 -38.9323765715 -20.9629213587 -22.4408337043 1.07414077632e-14 -3.9933334417e-13
*Step  = 3
*Time  = 0.3
*Data  = sx;sy;sz;sxy;syz;sxz
860 6.3520153292 104.789704651 -1.36537606039 -21.9176726051 2.41619224628e-13 4.69388417024e-13
1197 -23.8326771627 -39.08190161 -20.8098029764 -33.0848102434 1.95538030212e-13 2.41591469052e-13
1121 2.50566213315 84.7921062048 -4.26154958067 -17.8548940145 2.45914399954e-14 -7.54812878867e-14
803 -33.3411164587 -56.3873280164 -30.4463511745 -32.7821403937 -1.12354570092e-13 -8.71802630087e-14
*Step  = 4
*Time  = 0.4
*Data  = sx;sy;sz;sxy;syz;sxz
860 10.2582806597 141.554690093 -1.69378713257 -34.1635098973 -2.91509871797e-13 -4.84862150429e-13
1197 -28.9502349838 -49.4297068761 -26.2899535317 -43.5516979521 -2.65898414398e-14 -1.49366630176e-13
1121 5.19754891635 115.200594792 -5.33088668179 -28.3710144348 3.4185154707e-13 -1.29909971669e-13
803 -41.9109391534 -72.3917821537 -39.1661456612 -42.6731406519 5.16253706451e-15 4.69763117295e-14
*Step  = 5
*Time  = 0.5
*Data  = sx;sy;sz;sxy;syz;sxz
860 15.5167677996 178.863752032 -1.9807203346 -48.9530351733 2.37254660362e-13 -2.8101132532e-13
1197 -32.6372456362 -58.4332771433 -31.0108010671 -53.869970392 -4.12891942858e-13 -1.00863761787e-13
1121 9.24875459687 146.253326472 -6.24458416706 -41.2259699508 6.83897383169e-14 4.94770890924e-13
803 -49.1805572524 -86.8972931445 -47.0679613851 -52.2156366321 3.19022586126e-13 -9.48963130298e-14
*Step  = 6
*Time  = 0.6
*Data  = sx;sy;sz;sxy;syz;sxz
860 22.3952130932 216.506779074 -2.23512154177 -66.2845005717 -4.16056078478e-14 2.11192174859e-13
1197 -34.8775063132 -66.118621264 -34.9725463802 -64.1104788392 3.14026582515e-13 2.31759056391e-14
1121 14.9071981827 177.717868345 -7.01468129927 -56.4046993202 2.53685961127e-14 -8.60700399841e-14
803 -55.1176647434 -99.8815087223 -54.1136309448 -61.5080178803 4.44033698699e-13 -1.23540067065e-13
*Step  = 7
*Time  = 0.7
*Data  = sx;sy;sz;sxy;syz;sxz
860 31.1499899811 254.287070088 -2.46411903269 -86.1295914515 -4.68680649846e-13 -1.52683421462e-13
1197 -35.6521515978 -72.5262516983 -38.1858690122 -74.3369022102 -7.7771122875e-14 9.70057367766e-15
1121 22.4081952862 209.382831127 -7.6522721779 -73.8668169423 -2.76056955073e-13 1.93095539558e-13
803 -59.6820260126 -111.345477896 -60.2804003991 -70.6430031604 -1.63757896132e-13 -1.30950805755e-13
*Step  = 8
*Time  = 0.8
*Data  = sx;sy;sz;sxy;syz;sxz
860 42.0225923795 292.02700389 -2.67439401051 -108.438063112 9.85322934355e-16 1.00475183729e-14
1197 -34.9404359115 -77.7076225191 -40.6701203804 -84.6053115611 1.24789067968e-13 -1.28008714739e-13
1121 31.9732823708 241.062017238 -8.16661746593 -93.5536218417 -1.50851553471e-13 -2.68174371598e-13
803 -62.8270690711 -121.310071454 -65.5594639006 -79.7059192351 5.88418203051e-15 -1.4155343564e-14
*Step  = 9
*Time  = 0.9
*Data  = sx;sy;sz;sxy;syz;sxz
860 55.2393146344 329.581303243 -2.87391435001 -133.147817803 9.08578767778e-14 -1.96787031115e-14
1197 -32.7203914174 -81.721768869 -42.4515187121 -94.964242374 3.34732241924e-14 -4.97379915032e-14
1121 43.8142154823 272.604738808 -8.56239571062 -115.399348769 -3.40061312443e-13 -1.60121915727e-13
803 -64.501442379 -129.811979174 -69.954079276 -88.773592684 9.80326930744e-14 4.85167461761e-14
*Step  = 10
*Time  = 1
*Data  = sx;sy;sz;sxy;syz;sxz
860 71.0235070725 366.87446594 -3.06997443963 -160.211533511 -4.51583215266e-14 2.15216733324e-13
1197 -28.969049663 -84.6321247669 -43.5613477266 -105.455359174 -1.21791465801e-13 1.3933298959e-14
1121 58.1508898263 303.925203837 -8.83102067622 -139.357045611 -1.18544063454e-13 5.4709015096e-13
803 -64.6502814735 -136.899526658 -73.4774399802 -97.9139889886 1.32782673745e-13 -2.86437540353e-14
